onClick():

Step 1:

![CFG_code drawio](https://github.com/SOEN345-WINTER2024/cfg-graph-lab-ozan1318/assets/89036827/8cc44d6a-3e4c-4451-9e8e-96527a99397f)

Step 2:

TRs:\
[0]\
[1]\
[2]\
[3]\
[4]\
[5]\
[6]\
[7]\
[8]\
[9]\
[10]\
[11]\
[12]\
[13]\
[14]\
[15]\
[16]\
[17]\
[18]\
[19]\
[20]\
[21]\
[22]\
[23]\
[24]\
[25]\
[26]\
[27]\
[28]\
[29]\
[30]\
[31]\
[32]\
[33]\
[34]\
[35]\
[36]\
[52]\
[37]\
[38]\
[39]\
[40]\
[41]\
[42]\
[43]\
[44]\
[45]\
[46]\
[47]\
[48]\
[49]\
[50]\
[51]\
[52]

Test Paths:

19 test paths are needed for Node Coverage\
[0,1,17,33,52]\
[0,11,27,34,37,52]\
[0,15,31,35,38,43,48,52]\
[0,16,32,36,42,47,49,50,51,52]\
[0,2,18,33,52]\
[0,3,19,33,52]\
[0,4,20,33,52]\
[0,5,21,33,52]\
[0,6,22,33,52]\
[0,7,23,33,52]\
[0,8,24,33,52]\
[0,9,25,33,52]\
[0,10,26,33,52]\
[0,12,28,34,37,52]\
[0,13,29,34,37,52]\
[0,14,30,34,37,52]\
[0,16,32,36,39,44,49,50,51,52]\
[0,16,32,36,40,45,49,50,51,52]\
[0,16,32,36,41,46,49,50,51,52]

Step 3:

70 TRs:\
[0,1]\
[0,2]\
[0,3]\
[0,4]\
[0,5]\
[0,6]\
[0,7]\
[0,8]\
[0,9]\
[0,10]\
[0,11]\
[0,12]\
[0,13]\
[0,14]\
[0,15]\
[0,16]\
[1,17]\
[2,18]\
[3,19]\
[4,20]\
[5,21]\
[6,22]\
[7,23]\
[8,24]\
[9,25]\
[10,26]\
[11,27]\
[12,28]\
[13,29]\
[14,30]\
[15,31]\
[16,32]\
[17,33]\
[18,33]\
[19,33]\
[20,33]\
[21,33]\
[22,33]\
[23,33]\
[24,33]\
[25,33]\
[26,33]\
[27,34]\
[28,34]\
[29,34]\
[30,34]\
[31,35]\
[32,36]\
[33,52]\
[34,37]\
[35,38]\
[36,39]\
[36,40]\
[36,41]\
[36,42]\
[37,52]\
[38,43]\
[39,44]\
[40,45]\
[41,46]\
[42,47]\
[43,48]\
[44,49]\
[45,49]\
[46,49]\
[47,49]\
[48,52]\
[49,50]\
[50,51]\
[51,52]\

19 test paths are needed for Edge Coverage:\
[0,16,32,36,42,47,49,50,51,52]\
[0,16,32,36,41,46,49,50,51,52]\
[0,16,32,36,40,45,49,50,51,52]\
[0,16,32,36,39,44,49,50,51,52]\
[0,15,31,35,38,43,48,52]\
[0,14,30,34,37,52]\
[0,13,29,34,37,52]\
[0,12,28,34,37,52]\
[0,11,27,34,37,52]\
[0,10,26,33,52]\
[0,9,25,33,52]\
[0,8,24,33,52]\
[0,7,23,33,52]\
[0,6,22,33,52]\
[0,5,21,33,52]\
[0,4,20,33,52]\
[0,3,19,33,52]\
[0,2,18,33,52]\
[0,1,17,33,52]

Step 4:

69 requirements are needed for Edge-Pairs
1. [0,1,17]
2. [0,2,18]
3. [0,3,19]
4. [0,4,20]
5. [0,5,21]
6. [0,6,22]
7. [0,7,23]
8. [0,8,24]
9. [0,9,25]
10. [0,10,26]
11. [0,11,27]
12. [0,12,28]
13. [0,13,29]
14. [0,14,30]
15. [0,15,31]
16. [0,16,32]
17. [1,17,33]
18. [2,18,33]
19. [3,19,33]
20. [4,20,33]
21. [5,21,33]
22. [6,22,33]
23. [7,23,33]
24. [8,24,33]
25. [9,25,33]
26. [10,26,33]
27. [11,27,34]
28. [12,28,34]
29. [13,29,34]
30. [14,30,34]
31. [15,31,35]
32. [16,32,36]
33. [17,33,52]
34. [18,33,52]
35. [19,33,52]
36. [20,33,52]
37. [21,33,52]
38. [22,33,52]
39. [23,33,52]
40. [24,33,52]
41. [25,33,52]
42. [26,33,52]
43. [27,34,37]
44. [28,34,37]
45. [29,34,37]
46. [30,34,37]
47. [31,35,38]
48. [32,36,39]
49. [32,36,40]
50. [32,36,41]
51. [32,36,42]
52. [34,37,52]
53. [35,38,43]
54. [36,39,44]
55. [36,40,45]
56. [36,41,46]
57. [36,42,47]
58. [38,43,48]
59. [39,44,49]
60. [40,45,49]
61. [41,46,49]
62. [42,47,49]
63. [43,48,52]
64. [44,49,50]
65. [45,49,50]
66. [46,49,50]
67. [47,49,50]
68. [49,50,51]
69. [50,51,52]

Test Paths:\
[0,1,17,33,52]\
[0,2,18,33,52]\
[0,3,19,33,52]\
[0,4,20,33,52]\
[0,5,21,33,52]\
[0,6,22,33,52]\
[0,7,23,33,52]\
[0,8,24,33,52]\
[0,9,25,33,52]\
[0,10,26,33,52]\
[0,11,27,34,37,52]\
[0,12,28,34,37,52]\
[0,13,29,34,37,52]\
[0,14,30,34,37,52]\
[0,15,31,35,38,43,48,52]\
[0,16,32,36,42,47,49,50,51,52]\
[0,16,32,36,39,44,49,50,51,52]\
[0,16,32,36,40,45,49,50,51,52]\
[0,16,32,36,41,46,49,50,51,52]

